-8.405036041799736068e-01 6.554261378032808949e+00 -1.829154612318655948e+00
-1.962189864997493927e-01 1.246251156146828976e+01 -2.051782188783036975e+00
4.345528316238272404e-01 2.160223264416821110e+00 -1.875152451458882874e+00
-1.065788374623762857e+00 5.654899017628086888e+00 -1.520604977984155504e+00
-7.575091721853191018e-01 8.748876476179180628e+00 -3.004019654235561276e-01
1.123043217070426758e+00 5.838504204727824387e+00 -1.842234389145783968e+00
-8.232652738030497019e-01 3.530705909826398425e+00 -1.862794090367959621e+00
-1.382278819123618385e+00 7.250254404597051838e+00 -2.377704340462445387e+00
-2.041592760428497660e-02 1.719856521953650130e+00 -1.911325347256081164e+00
1.362887026039138361e+00 4.893328331594670288e+00 -2.170007134454750464e+00
3.396368360864594482e-01 3.031313833470247410e+00 -2.100631035673281133e+00
8.412060882282049734e-01 5.671794829400725213e+00 -2.741575851982097412e+00
9.836506161945283155e-01 4.121397573185061169e+00 -1.597427180236180799e+00
-7.942856091710435162e-01 -6.000740954383001480e-01 -1.473273684352669477e+00
-1.201302844040847972e+00 9.538974007834823965e+00 -7.181296575969828844e-01
7.745819994462379565e-01 4.883402658459930379e+00 -2.225425033578778411e+00
2.141851008888215890e-01 1.250240897128719375e+01 -2.167302542016368960e+00
-1.621682671715692692e+00 6.398131413939220025e+00 -2.147943194842994785e+00
8.942557398376201894e-01 4.283972590864605579e+00 -2.196410296203193280e+00
6.022450553116605043e-01 7.958875185296109933e+00 -2.318547494532235298e+00
5.451298094153977924e-01 6.588921591533514643e+00 -1.930362910951759048e+00
-3.173653142129085336e-01 2.467977156915226455e+00 -2.076485012554212251e+00
6.903070737912157806e-02 5.942010719566857446e+00 -1.839917570907703137e+00
9.787986906806382947e-01 2.960338948097023692e+00 -2.035358001724334009e+00
-6.686951474879339052e-01 1.336651606115944091e+01 -2.110502457950658162e+00
4.123297803122575322e-01 3.997052196731457840e+00 -2.512657849291264789e+00
1.397638035894255282e+00 1.432948034362873990e+01 -2.908237306842074599e+00
-2.897353581590302318e-01 4.118823844881180918e+00 -2.443738250277531332e+00
1.284620889728667281e+00 8.606670184577669858e+00 -1.886087878935520212e+00
1.874421330698940347e+00 2.779663017059020635e+00 -2.747809247423734114e+00
1.846921937243978240e+00 6.959975686014109542e+00 -2.619726627596476121e+00
-8.484756311917948657e-02 4.123703407237511165e+00 -1.970992045744289101e+00
2.481674332452932785e-01 1.467176666547833630e+00 -2.941933398757002216e+00
1.689448450775500987e+00 4.001588665827724434e+00 -1.664445008117163782e+00
-4.301833241488194348e-01 -2.301950993715299987e+00 -2.298661658716021350e+00
-5.519068939320294076e-01 6.378691526607443762e+00 -2.601105846879819161e+00
5.242008408686197329e-01 5.208487171283063155e+00 -2.629518152388121699e+00
7.765193789529130086e-01 3.092280909224384366e+00 -2.591690287561946526e+00
1.833960704018598731e-01 3.523826366107123853e+00 -2.025867532662561032e+00
1.496531133244240364e+00 7.781698900519967488e+00 -1.897801241078892920e+00
2.688463929830204324e-01 7.878412102023863994e-01 -2.455393312298767672e+00
2.622470827196410337e+00 5.280034381907213969e+00 -1.836280198150996190e+00
8.546041139193494285e-01 6.403041297377933816e-01 -2.601689781839882976e+00
-2.729879245693757617e-01 6.610283378834509449e+00 -1.520014697680849736e+00
9.605935744702432943e-01 1.255490777381021772e+00 -2.023799150854237450e+00
-6.572448131299685192e-01 3.630553729316579492e+00 -2.648236764853618919e+00
1.907397252164079182e-01 5.099830071918376895e+00 -9.871255650506161050e-01
-9.274928038456969892e-01 8.079869096852844379e+00 -1.638224221259998892e+00
-3.078192466459607202e-01 3.423376448630849112e+00 -1.197931924329448394e+00
3.440579718354007110e-01 4.630539633597210880e+00 -2.177069984489448551e+00
1.231294944949216763e+00 9.309685329172443957e+00 -2.289818596710609722e+00
-2.327910262669021235e-01 4.896746434069271459e+00 -2.567895587289477533e+00
-8.845833218462452185e-01 5.135851339671484439e+00 -1.073200642886141143e+00
6.400615971859411335e-01 8.020633891268238003e+00 -2.727593044318130655e+00
1.373644952650788786e-01 7.210448141684857148e+00 -1.500116876641095942e+00
-6.153337945184281788e-01 6.969233061456408862e+00 -2.171751916014056150e+00
9.742202177673789931e-01 3.858733559960761283e+00 -2.406585839039349306e+00
1.852669035858789170e+00 8.510841493744244701e+00 -1.863035672602217918e+00
-1.091855293628042789e+00 4.609636456178366259e+00 -1.391215036894806190e+00
-7.667772866105844187e-01 6.243984987956290311e-01 -2.575306784051266007e+00
7.806001271765435900e-01 4.596500764606920697e+00 -1.950567211728520434e+00
8.212096836742962536e-01 7.166138367180488800e+00 -1.646665279859452991e+00
-1.262652273698926519e-01 6.596464955329755853e+00 -2.773254571981423222e+00
-1.498733615509155959e+00 1.530269285460808426e+00 -2.886844538471846633e+00
-1.223368645402745258e+00 2.313361394804442028e+00 -2.084473630464247496e+00
-4.066994490416394603e-01 5.691886210872943330e+00 -2.135020561591141952e+00
-2.746615078591802539e-01 6.599205301972175697e+00 -2.352528896140534620e+00
5.396169509405768228e-01 -1.804593204495203551e+00 -1.587509169132443221e+00
1.244672695932662387e+00 6.883288985532059812e+00 -1.912528126937287354e+00
7.332685843652244628e-01 3.923187858569288977e+00 -1.908639763750630269e+00
-6.551984371770963600e-01 6.093369797274212019e+00 -2.236818027516838114e+00
8.031728871237368006e-01 4.070804665733451344e+00 -1.852588629644202456e+00
1.651876776831226579e+00 9.173147952022056018e+00 -2.087038412769310458e+00
1.820401272385113733e+00 6.825344586682799530e+00 -1.432223636826094770e+00
4.525395393367174224e-01 5.025911733877314269e+00 -2.138089812171775073e+00
2.810138916354539829e-01 2.111096271583530193e+00 -2.425526485642750973e+00
9.095298017607605923e-01 9.919244538733799743e+00 -2.302561594662448474e+00
1.332315586431304322e+00 1.809481455471690481e+00 -1.158191297224860250e+00
8.926250772522190680e-01 4.373764267098050773e+00 -2.782798163124701851e+00
4.772551416126746826e-01 5.084918512687051972e+00 -1.922920697619035391e+00
5.207427584109877161e-01 6.471746945560656883e+00 -2.193821696709882030e+00
5.487343043079666582e-01 3.605335077591309556e-01 -1.762767018837293254e+00
3.490174899694570843e-01 1.289837166388822354e+01 -1.857186194172965266e+00
-2.926997791974894625e+00 3.374111901284552406e+00 -2.168960829971813720e+00
-1.693585986015455902e-01 1.113814155495861158e+01 -1.952021242384284649e+00
-7.342551699294044276e-01 5.719779469960792007e+00 -1.679553040456062352e+00
1.829343902204452199e+00 4.381791859119243959e+00 -1.753355878023544534e+00
-1.070144798888190474e+00 1.684304040359601018e-01 -2.388321684603924577e+00
1.279984449081332798e+00 1.732782847535730752e+00 -1.450806523269129622e+00
-6.557044435573309293e-01 5.275823182668494482e+00 -1.239328719870391282e+00
-8.216082260092499867e-01 6.205357910279978739e+00 -1.663723863946400483e+00
-4.361178728771299973e-01 6.757641194042433241e+00 -1.675098673521936865e+00
-2.224604703192963884e-01 3.727308980481149447e+00 -1.431715092614354035e+00
-8.683766457321221433e-01 3.566608663006005209e+00 -2.770956792707520044e+00
-5.051973779783347496e-01 1.941353960631299280e+00 -2.265845968339690764e+00
-6.109921785935870653e-02 5.392986023550798258e+00 -1.774695162342786459e+00
1.159860266382569449e+00 5.159190986396650302e+00 -2.204794761508521272e+00
-1.678849177758927683e-02 -5.234394921880074492e-01 -3.192738264692760453e+00
-6.727248322933363500e-01 5.309939258841377629e+00 -1.751144282436827293e+00
-6.957068023782183586e-01 6.848924558130802254e+00 -1.658332791068632073e+00
6.940835309440283041e-01 6.061977856721850522e+00 -1.542644601421506501e+00
-5.977405406619248351e-01 7.298356072459423416e+00 -1.927559101004096442e+00
3.373185733000039765e-01 7.622014325243849697e+00 -1.408589026540363776e+00
3.379991049748758136e-02 4.941876669120245147e+00 -1.644026044142162579e+00
6.214955005471772820e-01 4.049316848953574244e+00 -1.645866806210242395e+00
-2.028854437279573819e+00 8.416911401368199819e+00 -1.702467838524432509e+00
2.051795625719708749e+00 5.674426330153215403e+00 -2.149474588526283370e+00
-4.579241448843878737e-01 3.532593975650729856e+00 -2.158731597450872730e+00
1.519348069238441346e+00 5.041223320078358050e+00 -1.528400228049388465e+00
-1.958687934646678785e+00 -6.856937666443645440e-01 -2.917380468046814279e+00
6.401847562024229332e-02 5.508379921364360499e+00 -1.817810859678804736e+00
-1.410967940671287835e+00 9.977124825398082208e+00 -2.536099843469198589e+00
3.575188601812650524e-01 5.655990300528312531e+00 -2.509670580036189591e+00
1.088035646079204222e+00 3.528055170460111079e+00 -1.829011676707136935e+00
2.247214052539468765e-01 4.591209972538623063e+00 -2.507254111531921126e+00
-4.396855768269382625e-01 1.944995908124952599e+00 -1.751328709376864134e+00
6.488221168359296076e-01 7.995657478188869405e+00 -1.275512354332840381e+00
-6.678248760089792180e-01 8.080738619794972877e+00 -1.530059942236043469e+00
-2.918915799743139194e-01 9.132734240900283851e+00 -1.848297691430861756e+00
-3.506284403477662459e-01 -3.075985449751986067e+00 -2.825769316035812384e+00
-1.139151065257113959e+00 3.423865743565395192e+00 -2.387521639044331678e+00
6.023908918129251555e-01 2.886257007183306467e+00 -1.741243659572436320e+00
-8.796617075609380887e-01 5.054079178407860695e+00 -1.035958947897177573e+00
1.330770432955551641e+00 8.940270689471569554e+00 -1.694713289878706508e+00
2.109695971025253303e-01 5.557817226365655117e+00 -1.188947826027148214e+00
9.703259569891012903e-01 4.715015561080999618e+00 -1.791725116291243980e+00
-9.082033954736963566e-02 8.563174289377307957e+00 -2.881068228047216628e+00
6.312300260006624697e-01 6.544080162862080385e+00 -2.568061040490956515e+00
8.106635285025234894e-02 6.694630574230522768e+00 -2.364248221217216894e+00
-1.067530664676078933e+00 5.100896540490426290e+00 -2.758921174434266987e+00
1.372223876460318515e+00 5.810134719372047840e+00 -2.090522388513047058e+00
-1.576542594171455036e-01 2.478527201422155102e+00 -1.954757106163447666e+00
8.846205555330376169e-02 4.660044558837398654e+00 -1.445650599944326320e+00
-1.666534728702601331e+00 4.764337224112736635e+00 -1.990888816375686599e+00
5.568835403733038980e-01 5.925238400449984510e+00 -2.483890404835689569e+00
-8.261229092216459957e-01 6.925495115564533677e+00 -2.201114814471898384e+00
4.217623347498545283e-01 1.441229383979614198e-01 -2.213664890230971238e+00
3.240165413543494854e-01 6.019842539730154485e+00 -2.333471776619898908e+00
-1.115702948029600572e+00 5.210048459035115265e+00 -2.055224357764188436e+00
-5.567370399966105055e-01 3.877092821670840461e+00 -1.589922915367022238e+00
2.801532277154056505e+00 8.781531298110632378e+00 -2.733897740024068046e+00
1.839737041441043275e-01 2.215236790631244901e+00 -2.176900416374492941e+00
-2.016923485623572099e-01 5.110638575275083362e+00 -2.385617613496670231e+00
9.969276868969062511e-01 1.085410743669144296e+01 -2.576997377075091133e+00
-1.091410259295312990e+00 5.685774367962937781e+00 -2.222092221187736971e+00
-6.290011289124370908e-01 7.426364320195116164e+00 -1.974631954608967677e+00
-1.154802298826618001e+00 7.417294308012847281e+00 -1.736164989805182302e+00
6.637827561237173990e-01 2.755319212641149207e+00 -2.147611783973179200e+00
8.913475490512131616e-01 8.662319520851456289e+00 -1.529311781089539135e+00
2.025324975447197140e+00 2.504842429920858038e+00 -1.826336488580000861e+00
3.609022886813263442e-01 5.758650739675310604e+00 -2.480690536386338962e+00
1.860185441862134192e+00 5.836512119852703684e+00 -1.683972216300822389e+00
-1.456150055444955127e+00 3.470528697212224678e+00 -2.162537629742522505e+00
5.884929911250987855e-01 9.866551571425629774e+00 -2.950907377203020321e+00
-1.000742354610138829e+00 5.705223752554843486e+00 -1.797682538651671491e+00
2.828773179436006036e-01 8.516816499605646129e-01 -2.194551929343627084e+00
4.336486986528931831e-01 9.495534917950347875e+00 -1.372026942658835846e+00
1.819050121699105904e-01 2.208644470313829267e+00 -2.036736104592893337e+00
-1.373832094043429874e+00 1.433294841708987466e+00 -2.089917876202936231e+00
-2.082719482535542621e+00 1.131483719947140898e+01 -1.832126354220176445e+00
5.392830569642667049e-01 3.548947735491264410e+00 -1.806986460143175766e+00
-3.230483244312249425e-01 3.327696376348503904e+00 -2.259569669439254636e+00
1.603860668994097072e+00 9.098887991128570718e+00 -2.403127583781865084e+00
2.461895741576966834e-01 2.186546956919147355e+00 -1.459204201738713014e+00
-1.339407326859286762e+00 6.326420801910773051e+00 -1.783483779411727532e+00
-3.005180798636969408e-01 8.736066070708123021e+00 -1.814385286872839176e+00
9.622824320350585880e-01 3.897674120440335344e-01 -3.090282157146175379e+00
-1.224432917542668475e+00 8.478173449565080233e+00 -1.936944278750790893e+00
-7.088848897829878037e-01 3.768065993362613497e+00 -1.933046531810608260e+00
1.903530913551495285e+00 8.099243363037508914e+00 -2.273923090681019055e+00
6.768118901264832399e-01 -1.387045194982829521e+00 -2.239894024944315554e+00
-7.681326979012639278e-01 5.109243460749527621e+00 -1.315812890836751681e+00
5.849940847156628321e-01 6.153541459498734767e+00 -2.424069753446586706e+00
3.896328097903871690e-01 4.657223695111838424e+00 -1.824492763829354658e+00
1.118268702854735785e+00 9.513128951985160953e+00 -2.253448689198135568e+00
9.068118943190924819e-01 4.922621625199814943e+00 -1.705699578787676307e+00
-7.853590413834126149e-01 3.945166371922006476e+00 -2.057912086767454962e+00
1.366473429477231161e+00 1.480820018340931465e+00 -1.677839124933760528e+00
3.389659352455575148e-01 1.575453030463094706e+00 -1.557859021691592183e+00
8.810820462342874304e-01 5.604535791376282106e+00 -1.369714711488878356e+00
-5.774955505841519177e-01 -1.314974883187618460e+00 -1.486105823916986868e+00
4.214968488018140669e-02 7.458129074278588178e+00 -2.045327541803310112e+00
7.810452830982064221e-01 4.091973513298896137e+00 -1.902657250310884507e+00
-1.464053038743923230e-01 6.074934524875341246e+00 -1.214902474294046630e+00
-7.532262265280462721e-01 2.628476155461903829e+00 -1.942628006022736331e+00
-5.715504449226470329e-02 2.740332040029622718e+00 -2.108145750878376745e+00
7.378212817747801244e-01 4.443899230923205934e+00 -2.666946175396373686e+00
8.036787170766438448e-01 6.012519153812831973e+00 -2.556951718074584434e+00
3.683855614383059751e-01 4.234064770297210067e+00 -1.723142745093423578e+00
8.789390872703943813e-01 3.068015474845889656e+00 -1.743645014228701218e+00
-3.969779929652483275e-01 7.932427811829509068e+00 -8.481950808550151599e-01
4.131719241046852842e-01 6.589755083054878781e+00 -2.721114837960374899e+00
1.197483911087460884e+00 3.901547314709854497e+00 -1.632958642082197986e+00
8.747779296882364219e-01 5.135136012376788628e+00 -2.773239265711453516e+00
9.342513772859634136e-01 8.180602881201705756e+00 -1.039624955236120751e+00
1.905019138517336952e+00 1.004943164728183191e+01 -1.472385542867807873e+00
8.974647364341364897e-01 5.391158991188591543e+00 -1.352885493748469115e+00
9.818377622552265649e-01 9.464642449160528770e+00 -1.712080240633615968e+00
1.266015758481759290e+00 4.535744352692629100e+00 -1.971549168845313726e+00
-1.404560024443238797e+00 5.257190990378908246e+00 -1.739356678901152087e+00
-1.341893400365625322e+00 9.850148416969954468e+00 -2.846899291477750893e+00
-7.496048393354196593e-01 7.920947349421544104e+00 -2.541749732486088043e+00
9.207812115280208931e-02 6.146373150206931868e+00 -1.976204881141384373e+00
-1.216698345334213505e+00 4.905857777654727414e+00 -2.172806426061546503e+00
1.780187582795342283e-01 4.346317801769916223e+00 -9.155623154520677875e-01
-2.548368996500738892e-01 5.448900229797011718e+00 -1.765454527497142045e+00
1.126974329487965276e+00 8.885826050552807942e+00 -1.914031298158099137e+00
1.290349736275010206e-01 7.476567910474054557e+00 -1.912306382970391017e+00
-1.117504151757592323e-01 5.981589852051220291e+00 -2.500383062617097529e+00
-1.194465113377792508e-02 3.225583229007719321e+00 -1.806882508907149631e+00
1.708257224437818467e+00 1.100945207968844208e+00 -2.674370648145439677e+00
-6.280673184188783065e-01 6.996498076485041295e+00 -1.399210529115119783e+00
1.362476929179300855e+00 2.963158889474641455e+00 -2.405340157923451905e+00
-1.000567152174973717e+00 2.914146099742803919e+00 -1.308983846703942300e+00
1.150563270591322462e+00 3.068529627404271487e+00 -2.218471869318371148e+00
-1.243428323821069048e+00 3.939333587466864017e+00 -1.979839635706600820e+00
-7.990602143209997177e-01 1.966157815412197252e+00 -1.663464566749356832e+00
7.289653601224403978e-01 4.096945944052452937e+00 -1.800664470134228257e+00
-7.648745683820442308e-03 6.981349388283470958e-01 -2.545997372843642914e+00
-1.709584879777312327e+00 4.733057515468570564e+00 -1.156877279584684226e+00
-1.545182577205102881e+00 9.254251672780037907e+00 -1.996468514806098105e+00
5.962453322578974840e-02 4.927699334693476096e+00 -2.267261080359378234e+00
-1.104954101593553888e-02 5.092305862171071951e+00 -1.929309013868120148e+00
-1.431005490082151443e-01 6.965754457520334952e+00 -1.617848660002882299e+00
-3.817882393827263243e-01 2.286237837109575732e+00 -2.054108568668407742e+00
6.295465703054413664e-01 7.397581995475045247e+00 -3.339143373052568364e+00
1.026445325997326213e-01 1.244812364988154840e-01 -2.365637193697964324e+00
-1.083113973844613609e+00 5.039035365384136433e+00 -2.350632206729677431e+00
1.691263117076542200e+00 4.620194720468994376e+00 -1.529148528019610653e+00
-5.316288769189954078e-01 7.449180628764484169e+00 -2.113827655344116430e+00
8.479288416977909248e-01 1.534867086370646838e+00 -1.906656036642134344e+00
9.560520949565508297e-02 2.673454832459304598e+00 -1.545665215012354210e+00
2.478640408299612741e-01 5.385393856415298330e+00 -2.249170442326921204e+00
7.434699254039676131e-01 1.023840116428357838e+01 -2.092264982469143497e+00
3.154959612887587306e-01 4.310250436402084162e+00 -1.430028661642389620e+00
1.034620836693385781e+00 7.676913230571504876e+00 -3.034132537885232850e+00
-3.348182350842496269e-01 4.545412038738833260e+00 -8.301284402315411981e-01
9.260917976534663865e-01 3.829569304629578674e+00 -2.178397571848302849e+00
-8.124098035804532270e-01 5.957345003318176957e+00 -3.388244733209472059e+00
1.302482841498640909e+00 2.541035853398713407e+00 -2.229216844928275432e+00
6.497335308730329828e-01 4.480799931408242287e+00 -2.324148658641226994e+00
1.140534338852613905e+00 7.864132160900890511e+00 -1.131363864755393855e+00
-1.025794319716827552e+00 1.788863349134839353e-01 -2.478321584535128075e+00
-6.965026448978153262e-01 4.314803142770102795e+00 -1.766048526274979213e+00
-7.618876710877645619e-01 2.338699396144540810e+00 -2.365736811378413851e+00
5.748719844336819262e-01 1.126192776472305823e+01 -1.575219990950782911e+00
5.001396495668222197e-01 9.187258751722765737e+00 -2.248462003426584310e+00
-7.388458482056823318e-01 5.872218847108457318e+00 -2.762697362547278601e+00
-2.374196603880383449e+00 9.659451422782305841e-01 -2.214579312935926136e+00
-1.559576756507538853e-01 3.028277883474958632e+00 -2.195048554362220905e+00
-1.350742331572739596e+00 -6.783390800380928454e-02 -2.192868083040800720e+00
-3.280645297032652730e-01 4.473745803001030197e+00 -1.257140128623832176e+00
4.748275102293184613e-01 7.984872785126171379e-01 -3.061054873177669666e+00
6.488730930902690819e-01 5.085768418133549851e+00 -1.978273181536286618e+00
9.304703890340308980e-01 4.363451080377356739e+00 -1.728619048845097428e+00
1.269446918693783344e+00 1.999063670421049821e+00 -2.783055988089167432e+00
1.442241619229379379e-01 5.332457946739567411e+00 -2.779405529382256823e+00
2.145459905955010793e+00 1.107723970422818560e+01 -1.844441348885794696e+00
9.651651207047651226e-01 -2.056482217537691781e-01 -1.907619772102546074e+00
-2.527781934200633018e-01 4.144169766943186062e+00 -2.031424529053517336e+00
1.853374502424287584e+00 5.936800665490385320e+00 -1.899107207677770637e+00
-1.293162604756169287e+00 9.203905801157608479e+00 -1.483860046965899571e+00
1.023108922353954897e+00 2.530563449363565809e+00 -2.406892820590541771e+00
-1.569115552083858445e-01 7.216923141970305267e+00 -2.481164814064788615e+00
6.936701450874211972e-01 7.144235230330660436e+00 -2.853615683050882090e+00
1.011508322826350836e+00 4.724995974268525245e+00 -2.033947000107763525e+00
-9.208191251953042888e-01 5.013286550140739983e+00 -1.932338095023811597e+00
2.824634535179890715e-01 4.785418199181076915e+00 -9.581307678318624621e-01
-6.168240752463727272e-01 2.542218510354100403e+00 -2.356548760410183796e+00
7.897310156717626262e-01 7.289740174366331260e+00 -2.801846073079525823e+00
-8.186365364384593502e-01 5.681372987856510015e+00 -2.979172338054744351e+00
-1.808418142777224347e+00 5.751762046437501219e+00 -2.077692086348748912e+00
-1.064513159985055690e+00 9.476961881814176536e+00 -2.782575085967827100e+00
-1.081353721026146131e+00 1.112777646243311480e+01 -2.350658950943564918e+00
7.241048600877412200e-01 7.742202661611274017e+00 -2.000990777061081971e+00
2.847268190904938545e-01 6.199977257732969704e+00 -2.220082461787551864e+00
6.104357462136560386e-01 2.629953945349310818e+00 -2.772250339025633892e+00
4.597423384252437017e-01 8.635983846292623056e-01 -1.971827823435813087e+00
-8.039825050670288409e-01 8.427874269601183244e+00 -2.039778624161174392e+00
8.655252511690786354e-01 3.986674553266613685e-01 -2.826237396626591902e+00
-5.372223104318932796e-01 7.104022923884034668e+00 -2.053905420720312680e+00
4.414704261665656770e-01 -1.309193251805238489e-01 -1.471630973872472659e+00
2.064887002035184146e-02 7.432088194640658507e+00 -2.091415323778190505e+00
-9.832335870287091106e-01 8.099798352271715629e+00 -1.792291654595418837e+00
-9.228573383861335411e-02 2.440997090420582438e+00 -2.027749454264127671e+00
2.623475888289696023e+00 8.545664428322625739e-01 -1.996010817079986177e+00
7.800016799905803988e-02 1.190417274040813389e+01 -1.729787121519782422e+00
-7.270911332273193306e-01 2.770442962200280856e+00 -9.946710045601088179e-01
8.757944890204186761e-01 4.038198583188262525e+00 -1.389127640723507806e+00
6.673215496688669757e-02 9.687272644592940907e+00 -2.561330649101096313e+00
-2.814069731064428037e-01 4.997817653787801184e+00 -1.968083962995441416e+00
8.998800691470459912e-01 -3.391323696136137045e-01 -2.700158094244927032e+00
-6.759972811033175821e-01 3.805459860237667691e+00 -1.554469266334669753e+00
-9.554211728904808965e-01 4.418818926814311432e+00 -1.254997345461691172e+00
-2.022382662408397369e+00 2.429723874072827083e+00 -1.710602571990014864e+00
6.980608775511397690e-01 5.630592553732010508e+00 -2.456524614712581656e+00
1.239896767133045197e+00 4.505433614877373927e+00 -9.449920534742592970e-01
1.739902349117853908e-01 5.655267240828820263e+00 -1.707637417714408690e+00
2.445166564467972758e+00 5.454624022889850821e+00 -2.578803894320541357e+00
1.226117875244752409e-01 1.021369860949085329e+00 -1.767437710674710338e+00
3.744234165697215011e-01 8.063978896525366480e+00 -2.482013565474312067e+00
2.814883928934543422e-01 5.482369980893649242e+00 -2.107886027878746127e+00
1.220318689217488178e-01 5.211295849901825150e+00 -1.556999459278503917e+00
6.651925915066340123e-01 3.110572621825653528e+00 -2.735892163159089119e+00
2.261139655026480622e+00 9.818832994435293671e+00 -2.165662132383416427e+00
1.691109000759663861e+00 -4.348094025087512193e-03 -2.543348475438168332e+00
2.347417734266647460e-01 4.586062678278091553e+00 -1.528144289403474465e+00
6.965638105413942682e-01 6.148167138508346952e+00 -1.719577684398353234e+00
-1.399311342932572089e+00 2.902179577667264532e+00 -2.148924401256163907e+00
-9.745922421043699824e-02 2.610821986088994962e+00 -1.221257264626397943e+00
-9.657514637028030702e-02 6.788985869727898859e+00 -2.153008955534600588e+00
-5.095067964354768053e-01 7.488671427757575216e+00 -2.056451886714518285e+00
7.912685709808980894e-01 7.222008654010961592e+00 -2.079567660896742609e+00
-1.867810824392464042e-01 1.051182656549604033e+01 -2.143466085776587260e+00
7.700454158357840362e-02 2.264262557997209324e+00 -2.564917469063835220e+00
-1.045049118512950993e-02 3.227696909357823607e+00 -1.820913985933471313e+00
-4.484600520240869526e-01 6.940693442987168282e+00 -1.367208020498762000e+00
3.176662947557540861e-01 4.536363267659581311e+00 -1.373894223728684194e+00
4.090911465181584217e-01 5.964647771016833744e+00 -1.668822713947392788e+00
3.768914966742919481e-01 5.194932221619366075e+00 -2.145579052937820475e+00
1.508375762069626536e+00 5.875657545515818647e+00 -1.944028390174650234e+00
1.378809526932151253e-01 8.988786856612057008e+00 -1.985694693425240631e+00
5.913125870295931064e-01 -8.257914158348196310e-01 -2.840997000423236329e+00
-2.896618706312620306e-01 8.279530634422837210e+00 -1.914506582773476850e+00
4.330478170133766902e-01 2.898734288877864440e+00 -1.806164071154604533e+00
4.227263182758699278e-01 8.986501407073165026e+00 -2.293020235297150933e+00
-1.610361303457358562e-01 6.216581705984699724e+00 -2.585015468021115481e+00
-3.151291511559938807e-01 1.929585619535245655e+00 -2.824496104418577680e+00
2.978753713386531055e-01 4.842399818659865574e+00 -2.458040774622479940e+00
7.950374506119285700e-02 4.567858169726126683e+00 -2.004297555143674803e+00
7.498505179013635891e-01 9.098735689496779244e+00 -1.749284917603326717e+00
-1.460174176506527366e-01 1.426716780119877903e+00 -1.989720972928847864e+00
1.041724685026845787e-01 3.183347503925066491e+00 -2.716891093341899488e+00
-4.659794312085142609e-01 6.665854332141801564e+00 -1.727102147432804102e+00
8.961369915560708499e-01 9.003950473658596465e+00 -1.412888860099753785e+00
-7.149196095319044764e-01 2.305131168508047779e-01 -2.558073682458737341e+00
3.078840308160020189e-01 8.800952405343753782e+00 -1.211947736180865487e+00
1.911380154386857766e-01 1.221471001689943936e+00 -2.013788102690112325e+00
-6.486795271162086873e-01 6.526522391351306851e+00 -1.979051787689695141e+00
3.032219084797119768e-01 5.256074528862657580e+00 -2.057311876081915791e+00
6.924532101028215703e-01 1.094860867283595063e+01 -1.831181102707064801e+00
1.515330333679164809e+00 5.864312115201977704e+00 -1.532666673438680682e+00
8.231495921398769289e-01 8.030203035993128680e+00 -2.279078507908932405e+00
1.524643411965318052e+00 4.662766285241706221e+00 -1.852154470096466721e+00
2.486924237736601651e+00 6.514343964367443895e+00 -4.116718677451478570e-01
-6.619371423760943562e-01 1.238889328953927560e+01 -2.869229796516851838e+00
-2.067068290817587695e+00 7.108934751834358856e+00 -1.887856022997238092e+00
-6.201698258814670739e-01 9.476899211274639967e+00 -2.111691299913652564e+00
-7.150926398340833046e-02 5.115553553053374003e+00 -2.477179550702178989e+00
-1.131097752044858185e+00 2.549542811982773216e+00 -2.193473344010659520e+00
4.231392351896302861e-02 2.589924304283950818e+00 -1.523495302648617766e+00
5.692399853777150298e-01 5.024528307625690360e+00 -2.187469593737940254e+00
-2.503031725486710296e-02 -3.175021668163671151e-01 -2.733982205404346555e+00
6.922048824749685858e-01 9.970702963655959650e-01 -2.565035432479953137e+00
1.293929333058624120e+00 1.920561918560200532e+00 -2.345012186131299803e+00
1.387490379929375850e+00 4.875952162780989418e+00 -2.598282916064452053e+00
-1.930316089514566014e-01 9.163335258038189934e+00 -1.512219228374407587e+00
-9.145663903412201146e-01 1.173502836089266488e+01 -2.922134283891678841e+00
1.621188912344738942e+00 7.183311514590037916e+00 -1.488174464880554826e+00
7.835884009752358548e-02 2.864978490524032750e+00 -1.709573722544563967e+00
2.049657993321128691e-01 8.136052893357220483e+00 -2.418521904612330520e+00
-9.829814415352428059e-01 7.900532137611043559e+00 -2.117986810717263690e+00
1.692469985512984609e-01 7.725150824031672414e+00 -1.423205806588522249e+00
7.758298231954229296e-01 3.388387420803734784e+00 -2.050507195713914932e+00
-1.781081390105973827e-01 -1.374932218862896960e+00 -1.756981609509215891e+00
-1.198422599110858355e+00 4.564819049585636002e+00 -2.471233294813897530e+00
1.976952440637946617e+00 3.068703896099530759e+00 -1.712452490976142716e+00
-7.326690474645890516e-01 5.526215015507632167e+00 -1.610533954444911320e+00
7.334270900547540384e-01 2.190483446643391563e+00 -1.962168177091341281e+00
-1.156366930178160390e-01 3.417061165283546309e+00 -1.894619317965335004e+00
-7.624169552262925753e-02 4.747064416980108170e+00 -1.851103859723997047e+00
6.094878923693469730e-01 4.628035227946530661e+00 -2.285462172112471713e+00
-9.082083306095698472e-01 2.918135868212722972e+00 -1.229655382450055123e+00
1.227104535793623441e+00 5.133755469036065833e+00 -2.191450632773867202e+00
-5.266367838206513843e-03 5.623312418447833139e+00 -2.256012923217663779e+00
-7.976304876862726212e-02 3.274015611850131346e+00 -2.059981233190211647e+00
-1.319679650032449247e+00 2.516348449209046656e+00 -1.339477380474498158e+00
6.251168702486007422e-01 1.063776400694114166e+00 -2.790093227698682732e+00
1.330364166971906847e+00 5.173187780880264874e+00 -2.981967325909697486e+00
3.319523056079075607e-01 4.087160523237731269e+00 -1.835864709846821707e+00
-1.052157408904538904e+00 3.329620330385134608e+00 -1.678197997473896974e+00
-2.164771137224087649e+00 6.128172616334382816e+00 -1.954361568742555511e+00
2.018431214311122990e-01 2.053112244678631182e+00 -1.862917180312905430e+00
-3.684029215929717216e-01 1.102709676069219213e+00 -2.646455562588818644e+00
-4.530920538020937194e-01 5.815545867143592673e+00 -1.410452229381519818e+00
6.839543001269454692e-01 3.741951258790091384e+00 -7.818994887912653624e-01
-1.741286086735698291e+00 2.436023364153448778e+00 -2.075901854890007225e+00
-5.864102542080726899e-01 7.865230048281032005e+00 -1.823766091343138385e+00
4.560974694026098120e-01 8.030540324377541950e+00 -2.123491145460292273e+00
-2.192496961818982959e-01 1.417005135707621655e+00 -2.425831911431679977e+00
1.281535323913538749e+00 -2.649797792011137076e-01 -1.191946526859606781e+00
-5.975682286685407574e-01 6.224613505121570078e+00 -1.504903361088934854e+00
-1.300113800826631916e-01 5.067646095399630291e+00 -1.519946044390715345e+00
-4.676657858922683153e-01 1.888082274715797926e+00 -1.726592726752748774e+00
-1.902977925011321292e-01 5.362065377653776110e+00 -1.318795749260782912e+00
-2.402410226362013956e-01 6.133163969603959487e+00 -2.923237408892473521e+00
1.010721634363416221e+00 5.358936010737767930e+00 -2.515985272239921411e+00
-1.475633759502981146e-01 1.767991578006752107e+00 -2.138964748311934283e+00
-1.082811286693094122e+00 3.733074069783092419e+00 -2.391347832275609431e+00
-2.854815748409807452e-01 4.709217364167181508e+00 -1.942439763101449834e+00
-2.071376870428802697e-01 4.104079747768591524e+00 -1.893642540408742692e+00
7.291677209721795228e-01 3.098743757594630832e+00 -2.369680520529640066e+00
2.027596277440100181e+00 4.013762064607653279e+00 -1.749528354328999447e+00
2.790836224846095504e-01 4.367304504099292828e+00 -2.598651109618512756e+00
4.266810413633753685e-01 -1.022254534837700568e+00 -1.749148336634539280e+00
-5.723099701666135575e-01 6.798416112730644834e+00 -1.691842790131407037e+00
-4.043577727658544396e-01 7.086834744333688541e+00 -2.182791162850053812e+00
-5.349686362598087275e-01 5.814157928208517845e+00 -1.682707147116792923e+00
-1.356724031708218536e-01 6.099378651142576935e+00 -2.455340933324641650e+00
7.088011597629375604e-01 2.654426251091611011e+00 -2.437768079900492157e+00
-9.193126212454900692e-01 8.295383984513026832e+00 -2.331954418271073415e+00
-5.561974803053686411e-01 3.630533344864034895e+00 -2.552297613497915840e+00
1.889136473140823336e+00 6.365042179265225641e+00 -1.143368157985205968e+00
9.982367890657974918e-01 4.691565371712093757e+00 -2.633965278202583526e+00
-1.314370220370573605e+00 6.522145266563053490e+00 -1.600186689241022364e+00
1.552047394448633266e+00 5.118390611794384704e+00 -3.169452038137270833e+00
-4.537519299139529672e-01 2.460508930260263849e+00 -3.332857057721263505e+00
-4.140432582724744015e-01 8.201484394929135391e+00 -2.516303626727900422e+00
1.087079338203622569e+00 4.521454856779362430e+00 -2.041377501795746952e+00
-4.784723441799941801e-01 3.375309233543021481e+00 -2.337722175717851236e+00
1.689610668256105397e+00 -3.530853536255484926e-01 -1.800412579041870575e+00
-4.499146959626256770e-01 8.820128531763357316e+00 -1.261788562622122356e+00
-8.354117138228976322e-03 7.499168711227083506e+00 -1.780326581564860788e+00
1.581047032863709401e+00 3.822048895007824854e+00 -2.259267479062739614e+00
-2.298429470363021199e-01 5.729178422482815947e+00 -2.554336063963246417e+00
1.443332671522445931e-01 7.808054520554944311e+00 -2.141189628887684826e+00
-2.985390088872719172e-01 3.076778997467095600e+00 -1.666662714566883974e+00
-8.179569083503526183e-01 8.172346411538452315e+00 -1.691758695216401209e+00
-1.340984051952402334e+00 3.455759864292898609e+00 -1.773986677699576298e+00
-8.259610134532282544e-01 1.603243848173352859e+00 -1.567335153127235925e+00
1.839401735748762645e+00 5.200568712293105023e+00 -3.117121180158355820e+00
-6.865195895321812847e-01 8.438656385134862603e+00 -1.647195256948371878e+00
1.035476961738882595e+00 3.136922678438648582e+00 -1.295154183163179873e+00
2.349653978765688447e-02 9.737088576448936550e+00 -1.545586412050713010e+00
6.159394600664941377e-01 6.435240542095402638e+00 -1.634167766295322899e+00
-1.005713187137373676e+00 3.357377619685243175e+00 -1.885465494560244926e+00
-6.475670779479231198e-01 9.753990137729429577e+00 -2.071541085507304647e+00
-8.230278838772713268e-01 3.231596780700745519e+00 -2.135725782287350327e+00
2.490978058887970137e-01 5.154836243526622397e+00 -1.890084332730965100e+00
1.559373940766661804e-01 9.546819110859646074e+00 -1.941583102670104699e+00
4.192782659627294906e-01 4.336543896552440103e+00 -1.822135554995909068e+00
7.164972322141667516e-02 2.542336465167250203e+00 -2.500096981048440803e+00
-9.504236143005968529e-01 6.004913476773196201e+00 -1.111638366005798240e+00
1.477030066528268737e-01 2.628464349080355422e+00 -1.584794783393865814e+00
5.724986463173110662e-01 6.827609270537767117e+00 -2.425883375526713071e+00
3.382087736712812570e-02 6.750548240007189449e+00 -1.056431253417562832e+00
2.487906279568220802e-02 4.360654034069002982e+00 -1.835793231633373601e+00
3.812997925238655328e-01 2.660156148214645189e+00 -2.078888971423812571e+00
-1.383574859449735239e+00 5.050454366945214879e+00 -2.969662620271923181e+00
-9.709143251627854188e-01 5.835566839137968032e+00 -1.685838583869706087e+00
6.320918546452820586e-01 1.152153314061488132e+01 -2.440137434405904138e+00
1.353905744221230556e+00 4.474342175844038927e+00 -1.102085364198918782e+00
3.069277931811324467e-01 4.479100873193145205e+00 -2.200863327918014978e+00
-2.198967489487406168e-01 2.024819382773990206e+00 -2.293709588662053545e+00
2.711027512103805215e-01 4.040725684490514169e+00 -1.450310607432978127e+00
-4.803545897418766142e-01 2.580537244508032124e+00 -2.435805731608022384e+00
2.498858478550797790e-01 5.925271453651980380e+00 -2.407638881976867040e+00
-4.902186697889427958e-01 9.846585334649160970e+00 -2.172025320683895533e+00
-1.212238012466699405e-01 4.540831687823902563e+00 -1.668015722302877091e+00
1.059594730378998095e+00 5.783199054166231257e+00 -1.675869379069711229e+00
4.535524599171420479e-01 2.576344680407300913e+00 -3.154599557368530149e+00
6.916953011678615981e-01 8.743691116087132897e+00 -2.091884749908727414e+00
-3.053268486027512219e-01 5.074644559597800253e+00 -1.246659559084698277e+00
-8.467750263059097282e-01 1.614166258304479129e+00 -1.329250453282440514e+00
-9.700819555655466608e-01 4.592780341234532493e+00 -1.947000313280531580e+00
1.210483010376963042e+00 4.335743248542549111e+00 -1.766843785409436984e+00
4.486419583053770088e-01 8.772086619930419715e+00 -2.097236690226834899e+00
7.952542368221997560e-01 7.272630893026345689e+00 -1.277822013097865694e+00
2.550638460082510495e-01 4.863535470350007550e+00 -2.405499386455189015e+00
2.061225847323446381e+00 6.100755977903739691e+00 -2.389121773875969357e+00
-8.665202805459982782e-01 1.570968498933731805e+00 -1.781973480143470123e+00
1.695037049185777467e-01 6.709491160437954349e+00 -2.478545823358925038e+00
-1.619043232586602210e+00 1.068377172104338690e+01 -1.490197013531216363e+00
6.178196911740367891e-01 5.098351198718107824e+00 -2.243342170444247330e+00
-2.993019456039731629e+00 -9.870755156333741454e-01 -1.320612639382101605e+00
7.631246998211953236e-02 6.808930672404171602e+00 -2.279477205267627316e+00
2.950653650392348615e-01 6.105559414263957763e+00 -3.035339530356551130e+00
1.126179117842267985e+00 4.163842812793412840e+00 -1.581060684569983721e+00
-1.097445484879552069e+00 2.978102281121410400e+00 -1.708376249609711905e+00
4.354595784641765999e-01 4.318000195521546125e+00 -1.931703273437627377e+00
5.650156780808195389e-01 2.314539207425688971e+00 -2.557874124896346579e+00
1.907153018327780447e-01 5.320059601106355451e+00 -2.758471235405420607e+00
-4.332649417589070628e-01 5.007349314844677046e+00 -2.561455749415739724e+00
1.175895188110825718e+00 -3.940808305736611672e-01 -3.183915068144057336e+00
-4.112945443539545165e-01 1.559704206385349678e+00 -2.428675422033584219e+00
1.352265458061191694e+00 8.349613746111078427e+00 -2.737684946297810118e+00
1.411443576887290441e-02 4.907002574437962394e+00 -2.488401539031480869e+00
4.019766671596694541e-01 4.218540864855719441e+00 -1.939115865537834882e+00
7.957969672788778315e-01 1.002004112455878548e+01 -1.138094606886794313e+00
-8.805006185749102432e-01 4.839842474509259418e+00 -1.881566763801372222e+00
-1.290451952621183729e+00 4.485830678408760264e+00 -1.462587450558296753e+00
9.931669089729053823e-01 1.233757360786556845e+00 -1.790624231659524668e+00
-6.960476704120008851e-01 5.745567688370180726e+00 -2.002579628452126670e+00
-2.400144063955618468e-02 8.562501901891907963e-01 -1.869294180594180954e+00
1.288358288982472066e+00 5.221031343392352753e-01 -2.100337919260573116e+00
6.084008851351495606e-01 6.819451385775234797e-01 -2.753851251258731647e+00
2.634015085672016365e+00 1.031908450294891821e+01 -1.720366937906942173e+00
7.198052283464113632e-01 8.587950690226611172e-01 -1.926350714981451606e+00
-1.049872959971667630e+00 2.946194079867562543e+00 -2.241633080400187605e+00
2.612466540971304929e-01 7.198013064654551485e+00 -1.614609293205499174e+00
-1.304935224322187060e-01 6.090708179554525259e+00 -1.846514480209156206e+00
9.442442408387352604e-01 3.148305055112142092e+00 -1.917010396845204800e+00
-7.294702124484078176e-01 2.268069516791027418e+00 -1.126278394330120225e+00
-1.130955586207929686e+00 8.605808115637898936e+00 -2.634135454224426187e+00
-1.266003050786823181e+00 4.910578630931896171e+00 -2.535799842370557666e+00
1.324424994924620513e+00 3.863209113488532687e+00 -2.479197698078533296e+00
3.791772578391185422e-01 -1.236649672795968158e+00 -2.028651524397560912e+00
1.456732728332965854e+00 6.074513585016620532e+00 -8.104708386248453689e-01
-2.160221054710115496e+00 9.263254713544823105e+00 -1.895682803307682018e+00
4.163204482320321254e-01 4.670074167138764665e-01 -8.764086487627817945e-01
-2.469739338148873919e+00 -8.912275486347631670e-02 -2.080669625157387959e+00
4.954682519813964348e-01 6.667543085670375902e+00 -9.976641071762848423e-01
1.325234390093815939e+00 7.163846223378875777e+00 -2.340618840735360529e+00
-6.711701484569915221e-01 6.211817170238634667e+00 -2.058910237984957092e+00
8.850757530830873909e-01 6.111546746693029775e+00 -2.060581128765964998e+00
-1.459016807618226386e+00 5.266936311695880057e+00 -1.257956708304082127e+00
-7.205396049588268514e-01 2.655079103700668242e-01 -1.845770684272595830e+00
2.946184454456340571e-02 -1.042102485642261378e+00 -1.510678850659663564e+00
9.926676640910111482e-01 4.528114430314467143e-01 -7.405355214441682321e-01
1.860313675738814121e+00 -2.432363363135234380e+00 -1.110165377219145544e+00
1.000913039768862367e+00 4.203614071282660625e+00 -2.577183101327783721e+00
6.439714301504637639e-01 5.330389018451391792e+00 -1.937414639007230210e+00
-9.845845619272886040e-01 8.066120788364523619e+00 -2.814498527648018111e+00
6.962254208446457815e-01 7.100539334130229641e+00 -2.343498862909667135e+00
-2.068270283049645109e+00 2.040157230554221712e+00 -2.014530227905545701e+00
2.003430331166837330e+00 4.879022423054410140e+00 -1.309459511312718316e+00
-5.021776328951819135e-01 4.769210626677145015e+00 -1.677044528503802923e+00
-1.686752205786522296e+00 2.011501165586797590e+00 -1.937836689516141631e+00
-1.573102886248659571e-01 1.559146455931942121e+00 -2.544568428565876506e+00
4.915451110529053813e-01 3.645463770216060162e+00 -1.735217245012544929e+00
-6.707711508047194959e-01 6.943131217756072004e+00 -1.972979118884013783e+00
2.893602027446283032e+00 5.028536531393522857e+00 -2.256249545682970759e+00
-1.342765218154801321e+00 4.892103948097938471e+00 -1.178989959368371920e+00
1.750226044578309659e-01 -1.367157103962359344e+00 -1.926394613696835734e+00
6.735889208753124135e-01 2.853018166128045152e-01 -2.058120480260176688e+00
1.248701515912357562e+00 8.477032490304033274e+00 -2.447070862548773373e+00
-1.891323153419493253e-01 -6.434889102856784504e-01 -1.836732378315081515e+00
1.261551014417095162e+00 3.353496538398781368e-01 -1.963880924833780517e+00
1.131824864230682071e+00 5.572504891790425852e+00 -1.939688064568683146e+00
-5.841201643844585734e-01 1.536293546721918979e+00 -1.554473842945325757e+00
1.075321569397580529e-01 4.555002786219993105e+00 -1.766226072963911653e+00
-1.539770281970581634e-01 3.092756709566143236e+00 -1.688739516625783921e+00
-4.536889171122547304e-01 6.516218384368699823e+00 -1.380799806824530851e+00
7.942847147893687954e-01 3.451052194998414979e+00 -2.259045234139176017e+00
7.067543001080174303e-01 8.618964433311235851e+00 -1.876702587258512134e+00
-1.014229652048254993e+00 2.651088672546035863e+00 -9.629670539928565365e-01
1.153100069617046808e+00 4.980214807078534811e+00 -1.623173618327566237e+00
-6.058367714000381654e-02 1.678253795905149559e+00 -2.309910143631426216e+00
1.774208764489265233e+00 7.302388536032395905e-01 -2.765389863336291221e+00
-2.047687267699231095e-01 6.193189170751296047e+00 -1.332894452132363128e+00
-9.787874562308681581e-01 5.393224970494381765e+00 -1.075089600930370981e+00
-2.961997431134923420e-01 8.961718274774380433e+00 -1.611492723725167941e+00
-1.236310044318011059e+00 1.742705445066911274e+00 -2.329419766090005783e+00
-3.972091719817847921e-01 6.326698858628589051e+00 -2.840497679470928016e+00
9.345265038696018989e-01 5.119152774977130171e+00 -2.238585904891368994e+00
5.069814271640679104e-01 8.217136034257244148e+00 -2.144936177626247886e+00
-4.425488800153160041e-01 3.506836555251601428e+00 -1.292535774464042442e+00
1.331913253901879424e+00 4.824456345929604595e+00 -2.581131222526678037e+00
-1.583240754255436977e+00 2.430074362846820435e+00 -2.011700501843079802e+00
1.590777180637826360e+00 4.543304208794985755e+00 -2.282387398327429207e+00
-3.630057468119493591e-01 3.687026800409888061e+00 -2.333712254750144321e+00
-5.418009467415659808e-01 -2.105861906395416483e-01 -2.452629991230519835e+00
4.396384726695466705e-02 8.919967138973216692e+00 -1.957488712730922620e+00
1.559167484010585802e+00 4.903333881667867544e+00 -1.535005988563155954e+00
-5.838890367545790383e-01 2.777971647962973023e+00 -1.849361496201044952e+00
5.912995603704407355e-01 1.109354836770120478e+00 -1.663689114709472339e+00
3.655167377024922670e-01 3.040786765438925343e+00 -2.096717127340351094e+00
-9.863072902220286764e-01 4.156712688232237163e+00 -1.821242997419804999e+00
5.706895065092458807e-01 2.148549475047429880e+00 -2.006196880006678729e+00
2.642145315212753420e+00 9.086289876795440534e+00 -1.425285191673498542e+00
-5.238976902654882695e-01 9.495166914898650390e+00 -1.316705458856942013e+00
-3.240753794728183923e-01 3.688112718078932595e+00 -2.268203389361127087e+00
-9.720584908083703679e-01 5.070137165848132454e+00 -2.070838690454313458e+00
-2.171270293394488571e-01 8.848573801362398683e+00 -2.572963538077770451e+00
3.790090970047875762e-01 2.742402714023202570e+00 -2.012025483846859419e+00
-9.208172165573157431e-01 8.955375613613053787e+00 -2.131715795628728483e+00
-8.799441455926989564e-01 6.237857326718571294e+00 -8.931774345186218600e-01
-4.138826461106209775e-01 5.934467983820094439e+00 -2.112063417909860075e+00
-9.726249891335193576e-01 4.083845437031864201e+00 -1.998204505438754719e+00
8.918567569549050444e-02 1.953862490312437750e+00 -1.765201140503041888e+00
-1.437692479166026605e+00 3.866736736860237222e+00 -3.055506615361787581e+00
-8.875139099737389126e-01 5.111638056720601675e+00 -2.107308954530939804e+00
-5.313700901394228238e-01 -1.252744080794691683e+00 -1.724502203104256726e+00
-1.693731251226954004e+00 2.881660834925413806e+00 -1.594054445465253211e+00
-7.653803417493115768e-02 8.562699290693512211e+00 -2.677301318139188258e+00
1.286737804243805877e-02 5.529359106148075576e+00 -2.233873000166154643e+00
-2.635901149858834724e-01 5.311225573467491579e+00 -1.952453863867486428e+00
2.009662718831951300e-01 2.929842186073348564e+00 -2.039196543805612105e+00
-1.140923387885310447e+00 5.981088255911683582e+00 -1.069371406023400306e+00
9.368356109938525966e-01 6.210479908401776328e+00 -2.713209612044952479e+00
-1.615848659106311258e+00 5.197850849741389112e+00 -1.955542188501330436e+00
1.661240793663226523e+00 4.817137699221424540e+00 -2.055673697702147251e+00
1.289015275113560566e-01 1.158614583099769746e+01 -2.277516377637340828e+00
-6.650785853025378280e-01 3.613432667196832870e+00 -1.064752467692597904e+00
-8.324217446149335675e-01 2.494732673012314272e+00 -2.805140511465661568e+00
9.190527648705012487e-01 6.478390146372635883e+00 -1.723609384180792903e+00
9.605160958590963638e-01 5.998292048780218266e-01 -2.837908469620149532e+00
-8.572442326866608342e-01 1.244654759719908910e+00 -2.096925567508437283e+00
3.299434018376843358e-01 2.586848873038261498e+00 -2.318347051541772341e+00
7.083623728410697318e-01 5.219260121376271044e+00 -2.154241151910788687e+00
2.688031399838629598e-01 3.750631627809755120e+00 -2.026852020051483905e+00
1.365643433241344518e+00 6.827023335828428685e+00 -2.975839493491193366e+00
-1.617857926306033312e+00 3.605974342290329204e+00 -2.237648804332499797e+00
1.188831993121446384e-01 9.154761271694537683e+00 -2.517802839822050665e+00
-9.035772375220803287e-02 -1.285325809865579316e+00 -2.257968582381336020e+00
-3.143606961546799861e-01 3.451091082400636445e+00 -1.605678464615895251e+00
1.968244909061520886e-01 6.327801151083939146e+00 -2.300478827287169459e+00
1.060582898540893160e+00 7.469699147926821325e+00 -2.277570703842953570e+00
-1.021571378706166877e+00 6.868909032711425944e+00 -2.052222171822960739e+00
-9.233833018832123818e-01 3.728751744647532451e+00 -1.555267956440697263e+00
5.259031462999766982e-01 2.491672467672061853e+00 -2.245796000055178876e+00
7.254453205869287880e-02 7.971178273361950062e+00 -2.179549995530099871e+00
-1.026809976903394206e-01 1.140745844642742313e+01 -1.721820669271778792e+00
-4.510111358056982933e-01 7.015651583783951928e+00 -2.402010928217143793e+00
1.823039911793938594e-01 1.942165225813908158e+00 -2.697426173711621189e+00
7.609800306237977097e-01 5.467805964523382301e+00 -2.015031582928829668e+00
-7.406721916736779265e-01 3.793126479560267938e+00 -2.466880322944933202e+00
-6.249643549362359218e-01 1.971645312784786164e+00 -2.080353696060610158e+00
-9.904271701526797811e-01 8.418046071559665222e+00 -2.356322523117734491e+00
8.112069612960403076e-01 1.658975622516498660e+00 -2.421737501332541953e+00
7.924470487662258478e-01 5.656193623903436496e+00 -2.137468027472944954e+00
7.129342450840522316e-01 2.271812179701009349e+00 -1.935947016597493908e+00
-3.805114328152763709e-02 5.085344963220700620e+00 -2.333516839170976631e+00
-2.347694318067510277e-01 1.542381255731042344e+00 -1.864575572405491544e+00
-3.283802472723558741e-01 -7.089569815446123968e-01 -1.648502958496569804e+00
-1.107299101477420500e+00 6.477052893632922803e+00 -1.212355557076671086e+00
5.897389137634553302e-01 2.925537631065833200e+00 -1.211729017787597229e+00
1.087774880380943499e+00 4.151861405715639997e+00 -1.830010859227469977e+00
-5.457750210887961639e-01 1.607189374445612273e-01 -1.733233388623333093e+00
8.836518599772852367e-01 2.945694422283814173e+00 -2.136924310060449805e+00
-4.993479636040892289e-01 8.248891356187204593e+00 -1.918841599832541656e+00
6.344053887486760246e-01 4.692901886324889027e+00 -2.460717542949667713e+00
2.362285458873430444e-01 2.346703840474008373e+00 -2.140833975066171124e+00
7.868824185844263130e-01 6.900913717099609102e+00 -2.276743699291384537e+00
-5.824878152604149317e-01 4.638510815766816009e+00 -2.184943205911282327e+00
-1.095725916291746094e+00 1.414295298459897765e+00 -2.124991733391880189e+00
1.850329300649156350e+00 6.904142706860115553e+00 -1.417108365001053194e+00
-1.191441306124217503e+00 7.158959302444261041e+00 -1.773001196683695824e+00
9.825515498280978921e-01 8.487749863208616574e+00 -2.840568952639936029e+00
-4.103008967819035124e-01 2.062605926024731140e+00 -2.008785704733733191e+00
4.823567526533501515e-01 3.354370494554043347e+00 -1.691376311719259284e+00
-8.932342368445391756e-01 6.998436217206529975e+00 -1.368430069447315933e+00
8.238158808392115340e-01 7.950821574328593044e+00 -2.036122896371548752e+00
2.427732777814589071e-01 7.903371724697523248e+00 -2.667620173010079920e+00
6.589399747090711745e-01 8.557154895202806699e+00 -1.739687904957129216e+00
3.127678613362610438e+00 7.592786654253589340e+00 -1.752325959246354925e+00
1.386747895203602199e-01 6.775242105054806174e-01 -2.203328829923714594e+00
-5.061514662174414481e-01 7.376571518461583210e+00 -8.315197756764414194e-01
7.272361270883640483e-01 2.792974757115056494e+00 -1.814545736100823481e+00
2.300966704879882307e+00 1.189597166977276999e+01 -2.515516359173572081e+00
1.567805673273513500e-01 5.323579726024451730e+00 -1.740359862649125455e+00
-1.855888007418186270e+00 3.111224552986687986e+00 -2.117881668558072583e+00
9.565966474101059713e-01 2.480657142418627004e+00 -1.836912483735215762e+00
-7.697729649301311428e-01 4.245939868170390596e+00 -2.187665444601626152e+00
-1.013901432982694528e-01 1.172917739918654334e+00 -1.550911473612535785e+00
1.058179497838117322e-01 5.479046129682294541e+00 -2.529803458331816746e+00
-6.425135769125752683e-01 1.100664895256888709e+00 -2.050475499897944864e+00
-1.034793077213733703e+00 5.666359329855435334e+00 -1.595030586642284254e+00
-6.190441942137671072e-01 1.713959570124149678e+00 -2.813646926751441679e+00
-8.962439232522502186e-01 5.030077878384883405e+00 -1.773644510513289418e+00
2.040519015342950881e-01 8.966685292153552922e+00 -1.981572342896346761e+00
-1.721491184959990539e+00 7.804190524776958959e+00 -2.015936386351684373e+00
1.461144473900246044e-01 9.636964386914351977e+00 -2.821393349470229683e+00
1.332313969666316877e+00 6.225551685421039316e+00 -1.923451215942721504e+00
9.592361103766652297e-01 -1.198202154899533411e+00 -1.639092687340806931e+00
2.242245835651519026e-01 2.054423851933682155e+00 -2.743209208312128222e+00
1.048357464521197047e+00 8.673657815826674167e+00 -8.462810709806081189e-01
5.479156664722406589e-01 5.465125699935414971e+00 -1.812626062660871007e+00
-1.468079753975628510e+00 7.586289582996288416e+00 -2.056073671974250505e+00
1.657696935100739233e-01 7.519445966871844078e+00 -3.764267738616217329e+00
-1.348154206800313393e+00 5.129226397087441214e+00 -2.724344972609896942e+00
2.077017707733030516e+00 4.025431904619548362e+00 -1.521562568454873032e+00
6.887471719521712776e-01 7.098552524528001229e+00 -1.310476771070130164e+00
6.453949439478298133e-01 1.836731702004557931e+00 -1.899969736853511115e+00
8.379153553165993862e-02 2.626762421746776877e+00 -2.254039066963366089e+00
-1.684502364472478586e+00 8.789250655796781331e+00 -1.456092237155220737e+00
4.343290281353610616e-01 3.560509096423495556e+00 -2.747025957552079678e+00
-6.159584179480498412e-01 1.639574295098777501e+00 -1.171934124328532167e+00
1.323599212265739622e+00 5.458629943257270689e+00 -2.241843361729668249e+00
-1.830938779975320729e+00 1.389766010980830124e+01 -2.077498566122302215e+00
2.758272684039296596e+00 4.240641286766511087e+00 -1.126400376199112152e+00
-4.406172615793223502e-01 7.442035638490761329e+00 -2.277385156665890698e+00
-2.261991732425423507e-01 2.146106175516307779e+00 -1.579743697792646895e+00
-1.805568276711277287e+00 5.073233780986747377e+00 -2.682732081880970565e+00
1.197731439780795437e+00 7.589562026196006173e-01 -1.218461083391644051e+00
-4.686221543101675713e-01 4.858433064657043055e+00 -1.272490156887593482e+00
6.168958040003605925e-01 8.276023261086642435e+00 -2.984062309757737008e+00
-1.417379306051658405e+00 1.980867804019852407e+00 -2.582038741276124316e+00
7.066196111634236443e-01 6.389072605663924875e+00 -1.962312443901528036e+00
6.892721967911377146e-01 9.555647481338510829e+00 -1.775009162431400611e+00
-4.880675753549562068e-01 1.971911125925513097e+00 -2.415143623177442134e+00
1.948103857178647980e-01 7.824264208688519240e+00 -2.318125862648010127e+00
-3.542279484504157749e-01 7.518100786698422411e+00 -2.294902727620725447e+00
-6.427179229284252227e-01 6.299583887326164700e+00 -1.963241077235211351e+00
2.533365065617980139e-01 4.187176384375901783e+00 -1.702057045938330848e+00
5.552366142632199075e-01 1.908635094129367271e+00 -1.132172873311899863e+00
-4.458023855437391325e-01 6.816361958627529916e+00 -2.025003930873352953e+00
2.244975773138532804e-01 8.607339855427269981e+00 -2.134752201000164717e+00
1.150659498521191759e+00 3.411846439536017073e-01 -2.435769562336206118e+00
-1.373457053540624306e+00 4.511411457635844613e+00 -2.023255480574956078e+00
-7.455371432181304159e-02 1.248005887018861237e+01 -1.959174397937429646e+00
-4.849117016512105027e-01 5.291701282474908119e+00 -1.863962777118638670e+00
6.852001755118196646e-01 5.300033911957328314e+00 -2.109616737771157435e+00
1.258366652958696763e+00 3.244395164134406429e+00 -2.846130576683964630e+00
-1.523392998568362300e+00 6.390911190832233579e+00 -1.553339455183551987e+00
-3.095108931792289741e-01 7.659509134633119665e+00 -1.596079833026636363e+00
-5.210066438025905411e-01 8.639559183269273746e+00 -1.653884830838804332e+00
8.845693235951462841e-01 5.714104798624931369e+00 -2.558564736645117854e+00
1.721670248408827097e+00 5.625531209146899414e+00 -2.665688994927928768e+00
-4.680535039501337313e-01 4.053078924278550765e+00 -1.914792358576093534e+00
1.053451595332274060e+00 5.225620162315545159e-01 -2.508615805094419393e+00
-1.254245167609922218e+00 8.409535926198511646e+00 -1.525299191187107439e+00
3.320457588411129812e-01 8.411551273546081120e+00 -1.467887472463654586e+00
-2.253576338570613125e+00 7.354403214837471836e+00 -2.201062890000005101e+00
1.410830456355347096e+00 5.778694180156003668e+00 -2.393898481787357646e+00
-8.904009042995612022e-01 6.422892306895285230e+00 -2.276048344787811928e+00
-7.693924732474097805e-01 5.676132612520258469e+00 -1.502217332545953798e+00
1.870053731939196051e-02 1.207668605135394202e+01 -1.737021601236136581e+00
-1.480021593543590308e+00 5.066823691099768823e+00 -1.954638029989333115e+00
-2.017576302548882705e-01 6.970777413288539393e+00 -2.746305615348885620e+00
-1.313963316461380870e+00 7.467500624171906409e+00 -2.045469619605395195e+00
-6.108133926236660738e-01 3.958399800852428818e+00 -1.599308468329532662e+00
-9.584412628885066177e-01 6.954713289516528008e+00 -1.436921943108528943e+00
8.853032538081703207e-01 6.284686863172239235e+00 -1.403992909584725002e+00
1.022771731923124650e+00 -4.373621798552509432e-01 -1.627134734447425402e+00
5.179654961936420721e-01 3.095404534285464582e+00 -1.764064931854471441e+00
1.257657178540173115e+00 8.715634233313075185e+00 -1.456122605253672653e+00
1.886429261674153146e+00 2.989089182448386062e+00 -1.706600826255356473e+00
1.414912425709427879e+00 5.363477762844147456e+00 -1.336916871095709114e+00
8.134157761459099856e-01 1.368064970906957356e+01 -1.647506565789059296e+00
-2.140885689148288584e+00 6.773641353740389448e+00 -1.956621591520372627e+00
-1.453869942835322782e+00 1.887494134021208581e+00 -2.571712711776322990e+00
5.801010147805871209e-02 1.445867079371065955e-01 -2.078464672686326509e+00
1.015875534340308306e+00 3.726053832298340751e+00 -1.543099665509191976e+00
-1.142580409800501157e-01 5.439121517211928492e+00 -2.567970821237143930e+00
1.357254734827908038e+00 1.909019378017529078e-01 -1.721487582817780027e+00
6.877979953886355080e-01 1.013438761002930377e+01 -2.139498117106263475e+00
-4.890568285090634570e-01 4.527513598225310965e+00 -1.390300854911282080e+00
1.967498164654794657e+00 -2.145355606966875328e+00 -3.077083318497881415e+00
1.090755243833012811e+00 9.243106076116877290e+00 -3.018421498057365149e+00
1.399805707241246644e+00 3.009570139931005084e+00 -2.112760741967045774e+00
1.433399482026272709e-01 2.840170417107811929e+00 -1.920761356327306490e+00
-7.390772167933415959e-01 6.254627861500294372e+00 -2.404966667856324847e+00
-6.341321624032457693e-01 7.811163832909482352e+00 -2.277183696604301311e+00
-1.448788094571502150e+00 7.811260704712685410e+00 -2.458734903317081777e+00
1.161316155521315702e-01 7.333853924509366351e+00 -1.003508758597871475e+00
7.182599033066591199e-01 3.757672536383831474e+00 -2.008697672862223449e+00
2.071488976457454556e-01 9.836846767201617325e+00 -2.684386010645866794e+00
7.900493930408252208e-01 2.851203488329682845e+00 -1.252141130966526905e+00
-7.764719748587803894e-01 1.164088128206993922e+01 -1.746600023603617657e+00
8.026953380000254601e-01 6.042532984753645309e+00 -1.311412440365764542e+00
-7.329721279118088795e-01 6.966352689301405832e+00 -1.813402070951029899e+00
-7.098702570342161344e-01 5.063459499807824393e+00 -1.377334693428159174e+00
2.183419604575000117e-01 4.819201320588724968e+00 -2.485058213525242365e+00
-6.309759868659788884e-01 3.894847528803677683e+00 -1.349103297791045319e+00
1.064218482098505003e+00 5.226270751621980182e+00 -1.548497413657272892e+00
1.339521272224145854e+00 3.246971841317317420e+00 -4.463062857626911573e-01
5.102694216326988386e-01 1.032036025887931174e+01 -2.249487871375410286e+00
7.222490525842722997e-01 8.476619134136308631e+00 -1.589607143218173979e+00
-9.248993340370780247e-01 1.344021164229500798e-01 -1.763164176523205118e+00
3.624322100295942345e-02 8.682861638849395547e+00 -1.935684503362797848e+00
-3.769396891960083429e-01 9.972231644814065987e+00 -2.481675742723064459e+00
-4.587183168524315846e-01 2.961071883961338358e+00 -3.108433372282836782e+00
-2.063517754941229132e+00 1.498851039432326449e+00 -2.430780471064059700e+00
-1.121362700827758907e+00 4.911208780158926146e+00 -1.656790242650213241e+00
-1.782077341828727901e+00 4.725208480506095654e+00 -1.912976547131006511e+00
-2.966505490635106337e-02 5.398647777726663932e+00 -1.175118595046738212e+00
1.670370770536655503e+00 3.766410874698706834e-01 -1.393932133705610976e+00
-1.186763822958337711e+00 -2.731988639239938621e+00 -1.346733782279946112e+00
-1.027021436196765281e-01 4.299092887182764500e+00 -1.185771741015595016e+00
1.107841023018695470e+00 3.511604330292207976e+00 -1.936281587531893944e+00
-7.928278448330214334e-02 5.709757807710262867e+00 -1.795838045293808749e+00
-1.970412559300345479e-01 7.429632295219553484e+00 -2.082604472299654841e+00
1.422233928124767788e+00 4.435149895114889773e+00 -1.952506299155478242e+00
-6.687369504018987332e-01 7.998690849751914911e-01 -1.969138707008107003e+00
-1.411468339090257373e+00 6.208765605259150000e+00 -2.933943402321676608e+00
7.729136627243766711e-01 6.285723109417942212e+00 -2.459629350924540159e+00
1.692606856422338879e+00 -2.599089575021849008e+00 -2.317346657097871798e+00
-9.947467893648727078e-01 2.541216536632320722e+00 -2.200528271809119918e+00
1.081071036523946427e+00 1.540361689838372961e+00 -1.724209287463553730e+00
-1.252266206506760016e+00 4.238039735471712532e-01 -2.567568216343294019e+00
1.200901660998773685e-01 8.630720648321309696e+00 -1.062768666449029453e+00
1.663752428667882199e+00 4.472340306742148996e+00 -1.918589595954700799e+00
1.689213354638534836e+00 7.533537159911282366e+00 -2.172001205377867006e+00
1.238346603073221308e+00 2.072055764562370506e+00 -2.492054157871411046e+00
3.510492591221124337e-01 9.086664224901078057e+00 -2.479004621360899385e+00
-1.491453086344104895e+00 3.447022257555242941e+00 -2.080019031175976529e+00
-6.217354766481578143e-02 4.981427592908058699e+00 -1.141074211219372359e+00
-1.258002324150839790e+00 6.205171866970186301e+00 -1.530759136781085106e+00
-5.002459224716288011e-01 2.449338835987255436e+00 -1.533285136131821602e+00
-7.416553064291200870e-02 2.543961988529477303e+00 -1.749368437986834390e+00
-9.946511242299648226e-01 8.034284737706286705e+00 -2.210288258913737369e+00
-1.054726742590268718e-01 3.202094558935014934e+00 -2.088036123119241250e+00
-3.986389704747755336e-01 1.092015027614342770e+01 -1.770118640815686595e+00
-1.075081367788795594e+00 6.623018008943358126e+00 -2.161836986676392680e+00
1.295076277873872528e-01 4.006394807345581732e+00 -1.635634594881082871e+00
-2.514858756084846103e+00 5.329979389242442522e+00 -2.218848199208012240e+00
-1.602785352961910992e-01 5.773650597836627263e+00 -2.892872434950698235e+00
2.166985709286689543e-01 2.817875198278453119e+00 -2.229451528588977549e+00
-2.133025283384117621e-01 3.612159063021040062e+00 -1.719029593517181098e+00
1.092842484292456257e-01 5.268712191054775396e+00 -2.225493428314266442e+00
1.004180381329298211e+00 1.728935190888541751e+00 -1.850222352741472953e+00
-1.410129413294988199e+00 1.030349841377063314e+01 -1.847122265716451217e+00
3.757108251568465063e-01 -2.926228191836838022e+00 -2.721705158749998521e+00
2.711791261273673870e-01 5.789924262690520962e+00 -2.213182211883303996e+00
-8.457521456483548805e-01 4.363309731908731948e+00 -2.684894918646843376e+00
-2.552810683851595708e-01 8.244652701225874125e-01 -1.853076220671841412e+00
6.925295605388460674e-01 -4.272005695165930206e-01 -2.258587585435663847e+00
9.113942998948046936e-01 9.319300467498202067e+00 -2.213099494061306682e+00
-9.910883787048069271e-01 1.055533903808014706e+00 -2.369330234712524685e+00
9.086655423888231331e-01 7.770165040894182695e+00 -1.669306767112078926e+00
2.234351571708401707e-01 4.108821599858032414e-01 -2.722240721157986876e+00
6.208263829455943350e-01 1.709394604415562569e+00 -3.354035742122099872e+00
1.047009322663115860e+00 4.056705919501640167e+00 -2.341486593934896110e+00
-6.441899529035246541e-01 2.820837255152244261e+00 -2.318508426287920976e+00
-1.080223318724353287e+00 8.392773822400545924e+00 -2.032303304900348273e+00
-1.883141221860746006e-01 4.517611303056972005e+00 -2.511545742646479340e+00
1.951198639788998435e+00 1.586260599461166709e+00 -2.431002720468548262e+00
-4.568022104171964859e-01 1.387989696385109717e+00 -1.824068280322448388e+00
-3.837045875635912706e-01 7.177730736818905832e+00 -2.592580296267323892e+00
-1.745319667669160413e-01 5.258876071332324820e+00 -2.450371102580672034e+00
-5.514274722867108514e-01 5.559719843686836249e+00 -2.795643597489977594e+00
6.550428977890375704e-01 7.942828149878310207e+00 -2.045277072978495703e+00
-2.673595942623854804e-01 2.131763726754453803e+00 -2.296308044682730198e+00
2.691843721926580613e-01 6.558309799100605630e-01 -2.401997404053263452e+00
-1.113846028928575649e+00 2.121416755747511651e+00 -2.403039364876217387e+00
1.541990865238758612e+00 3.940046576940207768e+00 -2.117058227965256112e+00
2.332617689396395466e+00 5.897582787327944054e+00 -2.847756595846599570e+00
2.064539325665772473e+00 7.437678656895203133e+00 -9.284973396305851168e-01
-2.500737996142732289e-01 -1.587661786496243899e+00 -1.729551645791974401e+00
9.032992091935749812e-01 4.384707161312973334e+00 -1.366033327503124006e+00
1.060283276932874497e+00 4.617257209509797455e+00 -1.044471515779463955e+00
5.919881019564510183e-01 6.311259216297749219e+00 -1.953833440564676893e+00
-1.723743966072422903e-02 4.345388542743612525e+00 -1.871827866171526633e+00
-6.487143444621754629e-01 8.500086249923866077e+00 -2.901799595195178938e+00
3.943185514930084845e-01 7.880868710315686698e+00 -1.216714072891709186e+00
1.214987681670820052e+00 7.222493708189667849e+00 -1.623056655408638971e+00
1.836047923376334379e-01 5.842267196026807774e+00 -1.789966089302094776e+00
9.875454655378784752e-02 2.290600167185639968e+00 -1.277889982644727862e+00
1.770463665263613651e+00 2.112153320883671359e+00 -2.348246173371336010e+00
-3.759448590156545533e-01 6.478267617253309574e+00 -2.339852390039947050e+00
-5.209885588788915750e-02 2.510553926529132784e+00 -2.753027001933036289e+00
-3.670400628763015871e-01 1.190697070083231601e+01 -2.262312318380224063e+00
3.747009642500497284e-01 3.259803761291845792e+00 -1.859807633047298348e+00
-7.781533776146901671e-01 3.958669360722672614e+00 -2.290985600929291266e+00
-1.178112390381458763e+00 9.612439280101845895e+00 -2.183501806081959096e+00
-7.776564247657012929e-01 8.916825417007725463e-01 -2.810188944962621171e+00
-2.435626898357729164e+00 1.820634647910873483e+00 -2.636915489000541957e+00
6.029944001234099904e-01 2.996078095372745498e+00 -2.338190431622533705e+00
-6.647381398041409817e-01 1.868054193296001309e+00 -2.125455587920427103e+00
1.128827962577544142e+00 8.732314332413890767e+00 -2.849195210588054916e+00
1.875894470731165053e-01 9.287537798589893256e-01 -1.538080785588476607e+00
-1.164381961511786967e+00 7.796150407039529107e+00 -1.945681747697851183e+00
2.770343238023360022e-01 4.046701303504027791e+00 -1.844644363384508212e+00
-4.155417904003535501e-01 5.120812476595385299e+00 -1.849980651562743716e+00
-3.411409068834807962e-02 5.196855745907992485e+00 -9.147287813629962905e-01
-3.398562946364284132e-01 1.368334181699713703e+01 -2.725862804523641270e+00
1.872988992834728084e+00 4.440707647655260715e+00 -3.453248026702965490e+00
7.286665218234093799e-02 7.471352642099425623e+00 -2.605000995813791853e+00
7.605634571807462496e-01 6.435546963739702697e+00 -9.723760883044543224e-01
-1.966943424861355705e-01 2.416388214889333863e+00 -2.678464075838911107e+00
9.402868973975236910e-01 6.233306193594413180e+00 -2.346936414386709302e+00
3.878522844537161673e-01 8.883213605515356548e+00 -2.436411059961793413e+00
-7.679104902120067466e-01 4.482494092869744762e+00 -2.235126132003201427e+00
-4.103627274922955898e-02 9.417088658535517354e+00 -2.217069024033837987e+00
1.146482668416763939e+00 1.042734987751104470e+01 -2.237304698100062161e+00
-3.094492879161523935e-01 6.933536539552279443e+00 -1.961502916337481750e+00
1.726649293574352262e+00 8.219515802017905770e+00 -2.243291082587808294e+00
-1.523942831600766656e-01 -2.718436729841746669e-01 -1.474624337535472618e+00
-4.757648848516717321e-01 4.639147389360625873e+00 -1.306558289121170002e+00
-6.134478713326768640e-01 7.684774212861018583e-01 -2.602265797227762079e+00
-1.478020525131324980e-01 4.080050145308655729e-01 -2.144719319650657319e+00
1.223120778153252042e+00 7.035210035595048872e+00 -1.595902333545606844e+00
-1.086638686242069163e+00 1.404951601338805478e+00 -1.396305605973099606e+00
2.401970890663602809e-01 1.846739555510953590e+00 -2.391693818745216582e+00
-1.048437272377075180e+00 6.852558055496176692e+00 -1.678338053376920325e+00
-9.819772847660486192e-01 7.848359618179922670e+00 -2.008530380184090358e+00
-9.671579453957254713e-02 8.124651528896183805e+00 -2.172126257311231878e+00
5.871861658872598033e-01 8.646712735649515480e-01 -1.062707117675301571e+00
4.836024133457248464e-01 1.556812854618754294e+00 -2.643556674991677902e+00
1.297786728688160585e+00 1.683038836626640666e+00 -1.680784312191046626e+00
-2.060954987554215023e+00 -1.054152014812093086e-02 -1.522880814094913271e+00
7.778961532529321543e-01 4.583956077322885569e+00 -2.372582893733454767e+00
-1.516234521594573559e-01 7.712158726312056345e+00 -1.571184703162995744e+00
-1.649588643433170521e-01 -5.067389775457229462e-01 -2.186901598642857270e+00
1.713299697620745965e+00 3.436532929832225136e+00 -2.417759624154906639e+00
-1.112484688782374276e+00 8.420821277938923544e+00 -1.307204121478530379e+00
-1.493696304342730929e+00 5.825418616043002373e+00 -2.391951063465084459e+00
1.038965213560030021e+00 7.010254022951027508e+00 -1.739081216530121932e+00
8.163841376549331175e-01 7.262536037243449982e+00 -1.814680540376185425e+00
2.581595764908872215e-01 2.970732010365462639e+00 -2.524107735986228285e+00
3.679269699689209916e-01 8.461625952463204925e+00 -9.118782086085697181e-01
4.989528174910882324e-02 7.023418013620551292e+00 -1.694401845248968863e+00
-5.851729236458969030e-01 6.657508099664587675e+00 -2.280212023324834192e+00
-1.606343408364151237e+00 6.824683089196897257e+00 -2.023313450674899538e+00
-7.665594460049972581e-01 3.562340230325706347e+00 -2.130187305678022280e+00
3.627059668519256319e-01 5.665554494770352889e+00 -1.112037022634845940e+00
-9.275167083882074337e-01 7.227269915433732095e+00 -1.262469530523508077e+00
1.749276793208952574e-01 6.905102494695393389e+00 -1.940590646988719969e+00
-1.641645910446863296e-02 -5.382629396722737880e-02 -2.086193431291947675e+00
1.454320649203658944e-01 6.949134043085851253e+00 -2.310699678194093831e+00
-1.372042990010636565e+00 3.689244351471505201e+00 -1.526712958235082684e+00
-1.788808487636531330e+00 8.435034115927273035e+00 -2.955885287906876435e+00
-6.129187879007486073e-01 5.730679376283278614e+00 -2.058945168876689991e+00
2.470938033707030357e+00 3.054165314975961110e+00 -2.254109450741818677e+00
2.518301999779213873e-01 -2.032714622713216457e-01 -2.756965781844137098e+00
-7.748960970220996058e-01 3.927802847709387812e+00 -2.080039088300290828e+00
2.887255959626723545e+00 5.726408663827730727e+00 -9.331532386534973078e-01
-5.116729658599403763e-01 6.134315493089565585e+00 -7.523835056290224532e-01
-3.351070436551700227e-01 3.972577230557833516e+00 -1.915705445023004216e+00
-1.577888452292264043e+00 3.249636116772116612e+00 -2.390496493678788692e+00
5.391286706758147140e-01 7.238788085400244654e+00 -2.213901454923585366e+00
1.319618888217646724e+00 7.955599367563507940e+00 -2.267221780481547100e+00
-7.217314898446560711e-01 -1.874520698829602594e-01 -1.565118534417194507e+00
-5.261940853826576475e-02 3.796730400282740003e+00 -2.899387056496816051e+00
3.536792978465339576e-01 2.803480474699727498e+00 -2.245173133883357597e+00
-6.401755952702564700e-01 6.980412045710444602e+00 -2.943803013886704179e+00
-1.361029351678778310e-01 7.058162833116744750e+00 -1.488523766113192703e+00
3.381026687481376164e-02 3.071301486668924774e+00 -2.440264819480003844e+00
-9.616034295312396452e-02 7.066000395823484936e+00 -1.856411637206061283e+00
-7.660032121381703529e-01 2.158804843934682971e+00 -1.980419907637632093e+00
-2.942525373238222275e-01 6.153514975078380189e+00 -2.153322282676006783e+00
9.902007960168163203e-01 6.658656468177822418e+00 -1.870742013241251334e+00
1.541675337791711620e+00 1.170228764604290816e+00 -1.999133803828353262e+00
5.966238959101497485e-01 2.137522522460776564e+00 -3.059680756143670521e+00
1.835967905004471712e+00 2.854729351782856028e+00 -1.768507913561703226e+00
-3.487226586958608321e-01 8.321623130213843922e+00 -2.307437936248554866e+00
1.145640085996945556e+00 3.913726287204664978e+00 -2.001321342251282775e+00
1.384693913558808553e+00 6.817611015146670006e+00 -2.071467045572755072e+00
1.168772916296130449e+00 9.814785570358797173e-01 -1.683446161860766344e+00
-8.932851872441014418e-01 9.440252642318281318e+00 -2.332420751692273697e+00
-1.046632731809635564e+00 7.267547796590099196e-01 -2.136641718022647574e+00
5.268942399646008301e-01 5.906516866216463768e+00 -2.277221527726323025e+00
-1.129722078059927970e+00 3.829840952077202765e+00 -1.938687269053734230e+00
9.367923810201813847e-03 4.921950334764549240e+00 -2.061868866137357426e+00
-1.261763927086376746e+00 5.862795814896964330e+00 -1.883752631511459885e+00
7.818944470965084603e-01 6.453212809458806376e+00 -1.040505293912953322e+00
1.303109967064264962e+00 3.219910012904789731e+00 -2.448889798346867153e+00
-1.228386508221907203e+00 7.639574839858094712e+00 -1.047976769422933607e+00
-1.121943607401511001e+00 9.297582400510600920e+00 -2.141613973684478811e+00
1.548964098399520539e+00 5.636811107912820695e+00 -1.974832114824902396e+00
4.316301664740648802e-02 1.101581760548553568e+01 -1.811359341817833091e+00
3.484385442592254911e-01 3.112232518452342500e+00 -2.709341560873971488e+00
2.080673207769042077e-01 1.012415005564294113e+01 -1.618154442262770498e+00
1.252790388213278483e-01 3.978912762108649304e+00 -1.531938708413716377e+00
-2.790214732997700064e-01 9.460873761515490088e+00 -1.234506919911332989e+00
-6.588426151818241872e-01 6.742052775896716810e+00 -1.815984944264166234e+00
7.497533698159687399e-01 3.907685067885864783e+00 -1.026053677328309099e+00
-3.373373557451824212e-01 7.663480091814472317e+00 -1.625302262814682708e+00
-1.053389221944083687e+00 7.499871570919510511e+00 -1.723133763545838804e+00
4.862371531290499704e-01 3.284609590449285577e-01 -2.093221291747894952e+00
-5.641351940243343188e-01 4.615267882568687696e+00 -1.897612153026909887e+00
4.086161300178320355e-01 2.420094780914837873e+00 -1.798994097971808648e+00
-1.142751842812727237e+00 6.629636582590337390e+00 -2.032227184891443272e+00
8.643224358242725114e-02 6.323200991806370297e+00 -1.442762734407771141e+00
-8.741576272076541088e-01 3.099116579729114473e+00 -2.738695119928175270e+00
-5.846758328900687474e-01 4.464040488066740586e+00 -1.977681475708248371e+00
1.854791397972956613e-01 5.236420919085920112e+00 -1.226565606325415558e+00
-7.541883664599539072e-01 9.046551797559439834e+00 -1.778394682378618530e+00
8.705553607333738064e-01 5.672233563413291435e+00 -1.888666324948981901e+00
1.302807622292269762e+00 4.717789418165677873e+00 -1.021459853403991147e+00
-1.369470072688689699e+00 3.303293849135770177e+00 -2.558159045611084981e+00
1.471044725027564892e+00 7.533961648983672710e+00 -2.737695677912334702e+00
3.025029856710731435e-01 3.453894622818313387e+00 -1.983470663396967648e+00
-1.282168260853946640e+00 9.508532490062943765e+00 -1.960098864565136711e+00
-1.076837755471522717e+00 8.997841399168356347e+00 -2.067552910786094600e+00
-7.784798434903117403e-01 2.914040075794264162e+00 -1.208962542953432084e+00
-1.426207918300036182e-01 4.055232007106105208e+00 -1.643390171155902246e+00
-1.035870617744631295e+00 4.387893330399007752e+00 -1.982105070898315891e+00
1.020866262270237579e+00 7.532561712127991527e+00 -1.125309641673658323e+00
-6.246618647827230086e-01 7.858571503083075172e+00 -2.057187622988391862e+00
1.182451602340412800e+00 7.030129133866605429e+00 -1.737308284770396449e+00
2.118633851327254902e+00 7.451304044026093365e+00 -1.483388703756697069e+00
-1.590244234115196331e+00 4.111189916168319414e+00 -2.372000838603231188e+00
8.061069642729687956e-01 4.549950450112753231e+00 -1.858864565975468564e+00
-4.266454769871076413e-01 8.163876079041564537e+00 -2.078250562778897859e+00
-1.495158820637214170e+00 3.660857652042336152e+00 -1.416381773141514699e+00
-1.249116873198977462e+00 6.940735201501560425e+00 -1.511183805262543478e+00
6.792194883846610631e-01 1.010968282548651942e+01 -2.093876241697227414e+00
5.647348277320767274e-01 5.619407982860853856e+00 -2.125960196082995246e+00
3.157734748699610461e-01 5.112229826989319825e+00 -1.467903875563403293e+00
2.050237892454545907e+00 6.994274555345071143e+00 -1.568466209337047390e+00
1.039811041389576279e-01 4.686410328942815617e+00 -2.438416777364917909e+00
1.083158494999695520e+00 1.439787940977745073e+01 -2.048579693055821771e+00
4.598880709861201677e-01 7.681295225840595542e+00 -2.005655906959690427e+00
-1.052516755538227766e+00 7.248659020904362649e+00 -2.277451225428820170e+00
1.282354912038722539e+00 4.955558899908305115e+00 -2.193466368246182352e+00
3.300138474133391120e-01 4.484349811504180217e+00 -1.437179146185399770e+00
7.726565100153792720e-01 1.883534011886701887e+00 -2.206751614838531328e+00
1.319110209613742146e+00 6.175135208441333567e+00 -6.661641464955925240e-01
4.782572232097598297e-01 7.443440476375923431e+00 -1.488765722600581487e+00
6.597246834417688777e-02 1.760374092640589971e+00 -2.332582089330172970e+00
9.410077267711790538e-01 -6.394301563150950329e-01 -1.727478555963892326e+00
7.363974678486767678e-01 4.570419114974674457e+00 -1.910575181748253026e+00
-1.587778955633871725e+00 1.081194768783807714e+00 -2.543288176236897957e+00
1.750967375749498955e-01 3.478082516497712717e+00 -1.410198778434349709e+00
-9.627183359852508060e-01 4.789314044724974018e+00 -1.844946259960168922e+00
-3.275879835192020972e-01 4.022929101092358906e+00 -1.979837080974109265e+00
1.790895193099507843e+00 5.568053816266823830e+00 -2.094814608592919569e+00
2.773364811795370199e-01 3.899988532009137643e+00 -2.094474460407231398e+00
